gene	dnLGD.DD	dnLGD.DD.pct_real	dnLGD.DD.pct	dnLGD.ASD	dnLGD.ASD.pct	dnMIS.DD	dnMIS.DD.pct	dnMIS.ASD	dnMIS.ASD.pct	NDD.FDR.sig.var	Sig.col
ARID1B	106	0.341362875	0.291362875	12	0.077120823	13	0.041865258	10	0.064267352	FWER-intersection (138)	2
KMT2A	64	0.206105887	0.206105887	6	0.038560411	26	0.083730517	3	0.019280206	FWER-intersection (138)	2
DYRK1A	64	0.206105887	0.206105887	4	0.025706941	16	0.051526472	0	0	FWER-intersection (138)	2
CTNNB1	60	0.193224269	0.193224269	4	0.025706941	2	0.006440809	1	0.006426735	FWER-intersection (138)	2
ADNP	58	0.18678346	0.18678346	20	0.128534704	4	0.012881618	5	0.032133676	FWER-intersection (138)	2
DDX3X	50	0.161020224	0.161020224	1	0.006426735	65	0.209326291	4	0.025706941	FWER-intersection (138)	2
MED13L	42	0.135256988	0.135256988	5	0.032133676	30	0.096612134	5	0.032133676	FWER-intersection (138)	2
SETD5	40	0.128816179	0.128816179	5	0.032133676	7	0.022542831	4	0.025706941	FWER-intersection (138)	2
GATAD2B	39	0.125595775	0.125595775	0	0	3	0.009661213	0	0	FWER-intersection (138)	2
POGZ	35	0.112714157	0.112714157	11	0.070694087	9	0.02898364	6	0.038560411	FWER-intersection (138)	2
EHMT1	35	0.112714157	0.112714157	2	0.01285347	11	0.035424449	3	0.019280206	FWER-intersection (138)	2
SATB2	32	0.103052943	0.103052943	0	0	36	0.115934561	5	0.032133676	FWER-intersection (138)	2
TCF4	31	0.099832539	0.099832539	3	0.019280206	20	0.06440809	1	0.006426735	FWER-intersection (138)	2
EFTUD2	31	0.099832539	0.099832539	1	0.006426735	12	0.038644854	2	0.01285347	FWER-intersection (138)	2
CHD7	31	0.099832539	0.099832539	0	0	20	0.06440809	6	0.038560411	FWER-intersection (138)	2
EP300	30	0.096612134	0.096612134	2	0.01285347	22	0.070848899	7	0.044987147	FWER-intersection (138)	2
KMT2D	30	0.096612134	0.096612134	0	0	17	0.054746876	3	0.019280206	FWER-intersection (138)	2
STXBP1	28	0.090171326	0.090171326	3	0.019280206	39	0.125595775	5	0.032133676	FWER-intersection (138)	2
NSD1	27	0.086950921	0.086950921	1	0.006426735	15	0.048306067	9	0.057840617	FWER-intersection (138)	2
WAC	26	0.083730517	0.083730517	4	0.025706941	2	0.006440809	1	0.006426735	FWER-intersection (138)	2
ASXL1	26	0.083730517	0.083730517	1	0.006426735	1	0.003220404	1	0.006426735	FWER-intersection (138)	2
SYNGAP1	25	0.080510112	0.080510112	8	0.051413882	8	0.025763236	5	0.032133676	FWER-intersection (138)	2
ASXL3	24	0.077289708	0.077289708	3	0.019280206	1	0.003220404	0	0	FWER-intersection (138)	2
WDR45	24	0.077289708	0.077289708	1	0.006426735	11	0.035424449	0	0	FWER-intersection (138)	2
CASK	24	0.077289708	0.077289708	1	0.006426735	10	0.032204045	0	0	FWER-intersection (138)	2
ZEB2	23	0.074069303	0.074069303	0	0	4	0.012881618	2	0.01285347	FWER-intersection (138)	2
ARID2	23	0.074069303	0.074069303	0	0	0	0	2	0.01285347	FWER-intersection (138)	2
SCN2A	22	0.070848899	0.070848899	15	0.096401028	57	0.183563056	20	0.128534704	FWER-intersection (138)	2
PPM1D	22	0.070848899	0.070848899	0	0	0	0	0	0	FWER-intersection (138)	2
SON	21	0.067628494	0.067628494	2	0.01285347	4	0.012881618	3	0.019280206	FWER-intersection (138)	2
CHD2	20	0.06440809	0.06440809	10	0.064267352	12	0.038644854	9	0.057840617	FWER-intersection (138)	2
CHD8	19	0.061187685	0.061187685	18	0.115681234	8	0.025763236	12	0.077120823	FWER-intersection (138)	2
KDM5B	19	0.061187685	0.061187685	10	0.064267352	12	0.038644854	13	0.083547558	FWER-intersection (138)	2
FOXP1	19	0.061187685	0.061187685	7	0.044987147	8	0.025763236	2	0.01285347	FWER-intersection (138)	2
NEXMIF	18	0.057967281	0.057967281	1	0.006426735	2	0.006440809	1	0.006426735	FWER-intersection (138)	2
KANSL1	18	0.057967281	0.057967281	0	0	8	0.025763236	2	0.01285347	FWER-intersection (138)	2
MECP2	17	0.054746876	0.054746876	2	0.01285347	27	0.086950921	7	0.044987147	FWER-intersection (138)	2
KAT6A	17	0.054746876	0.054746876	1	0.006426735	8	0.025763236	3	0.019280206	FWER-intersection (138)	2
USP9X	17	0.054746876	0.054746876	0	0	9	0.02898364	3	0.019280206	FWER-intersection (138)	2
SRRM2	16	0.051526472	0.051526472	3	0.019280206	7	0.022542831	5	0.032133676	FWER-intersection (138)	2
SIN3A	16	0.051526472	0.051526472	2	0.01285347	3	0.009661213	2	0.01285347	FWER-intersection (138)	2
KAT6B	16	0.051526472	0.051526472	0	0	1	0.003220404	0	0	FWER-intersection (138)	2
TRIP12	15	0.048306067	0.048306067	3	0.019280206	6	0.019322427	6	0.038560411	FWER-intersection (138)	2
ZNF292	15	0.048306067	0.048306067	3	0.019280206	6	0.019322427	2	0.01285347	FWER-intersection (138)	2
ANKRD11	15	0.048306067	0.048306067	0	0	4	0.012881618	2	0.01285347	FDR-union (615)	1
HNRNPU	15	0.048306067	0.048306067	0	0	3	0.009661213	1	0.006426735	FWER-intersection (138)	2
TLK2	14	0.045085663	0.045085663	3	0.019280206	10	0.032204045	3	0.019280206	FWER-intersection (138)	2
AUTS2	14	0.045085663	0.045085663	2	0.01285347	2	0.006440809	0	0	FWER-intersection (138)	2
MEF2C	14	0.045085663	0.045085663	0	0	13	0.041865258	4	0.025706941	FWER-intersection (138)	2
CREBBP	13	0.041865258	0.041865258	0	0	20	0.06440809	4	0.025706941	FWER-intersection (138)	2
SPEN	13	0.041865258	0.041865258	0	0	6	0.019322427	5	0.032133676	FWER-intersection (138)	2
KMT5B	12	0.038644854	0.038644854	10	0.064267352	4	0.012881618	3	0.019280206	FWER-intersection (138)	2
NAA15	12	0.038644854	0.038644854	4	0.025706941	5	0.016102022	2	0.01285347	FWER-intersection (138)	2
DLG4	12	0.038644854	0.038644854	3	0.019280206	1	0.003220404	1	0.006426735	FDR-union (615)	1
CLTC	12	0.038644854	0.038644854	2	0.01285347	12	0.038644854	1	0.006426735	FWER-intersection (138)	2
KMT2C	12	0.038644854	0.038644854	2	0.01285347	7	0.022542831	4	0.025706941	FDR-union (615)	1
SETBP1	12	0.038644854	0.038644854	1	0.006426735	12	0.038644854	3	0.019280206	FWER-intersection (138)	2
H1-4	12	0.038644854	0.038644854	0	0	5	0.016102022	2	0.01285347	FWER-intersection (138)	2
PTEN	11	0.035424449	0.035424449	4	0.025706941	19	0.061187685	12	0.077120823	FWER-intersection (138)	2
PHIP	11	0.035424449	0.035424449	4	0.025706941	12	0.038644854	2	0.01285347	FWER-intersection (138)	2
SCN1A	11	0.035424449	0.035424449	3	0.019280206	31	0.099832539	7	0.044987147	FWER-intersection (138)	2
EBF3	11	0.035424449	0.035424449	2	0.01285347	16	0.051526472	3	0.019280206	FWER-intersection (138)	2
CAMTA1	11	0.035424449	0.035424449	1	0.006426735	3	0.009661213	0	0	FWER-intersection (138)	2
CHAMP1	11	0.035424449	0.035424449	1	0.006426735	1	0.003220404	1	0.006426735	FWER-intersection (138)	2
SMC1A	11	0.035424449	0.035424449	0	0	12	0.038644854	1	0.006426735	FWER-intersection (138)	2
HDAC8	11	0.035424449	0.035424449	0	0	11	0.035424449	0	0	FWER-intersection (138)	2
ZBTB18	11	0.035424449	0.035424449	0	0	8	0.025763236	1	0.006426735	FDR-union (615)	1
MBD5	10	0.032204045	0.032204045	4	0.025706941	1	0.003220404	3	0.019280206	FWER-intersection (138)	2
ASH1L	9	0.02898364	0.02898364	15	0.096401028	8	0.025763236	1	0.006426735	FWER-intersection (138)	2
CUL3	9	0.02898364	0.02898364	7	0.044987147	2	0.006440809	1	0.006426735	FWER-intersection (138)	2
TAOK1	9	0.02898364	0.02898364	6	0.038560411	9	0.02898364	3	0.019280206	FWER-intersection (138)	2
SOX5	9	0.02898364	0.02898364	2	0.01285347	11	0.035424449	0	0	FWER-intersection (138)	2
NSD2	9	0.02898364	0.02898364	2	0.01285347	8	0.025763236	1	0.006426735	FWER-intersection (138)	2
PDHA1	9	0.02898364	0.02898364	0	0	12	0.038644854	0	0	FWER-intersection (138)	2
NFIX	9	0.02898364	0.02898364	0	0	8	0.025763236	1	0.006426735	FWER-intersection (138)	2
PTCH1	9	0.02898364	0.02898364	0	0	7	0.022542831	3	0.019280206	FDR-union (615)	1
SLC2A1	9	0.02898364	0.02898364	0	0	7	0.022542831	0	0	FWER-intersection (138)	2
WDR26	9	0.02898364	0.02898364	0	0	5	0.016102022	1	0.006426735	FWER-intersection (138)	2
MN1	9	0.02898364	0.02898364	0	0	0	0	0	0	FDR-union (615)	1
GRIN2B	8	0.025763236	0.025763236	6	0.038560411	54	0.173901842	6	0.038560411	FWER-intersection (138)	2
KDM6A	8	0.025763236	0.025763236	3	0.019280206	8	0.025763236	1	0.006426735	FWER-intersection (138)	2
TBL1XR1	8	0.025763236	0.025763236	2	0.01285347	22	0.070848899	5	0.032133676	FWER-intersection (138)	2
FBN1	8	0.025763236	0.025763236	2	0.01285347	18	0.057967281	9	0.057840617	FWER-intersection (138)	2
KMT2E	8	0.025763236	0.025763236	2	0.01285347	7	0.022542831	2	0.01285347	FWER-intersection (138)	2
QRICH1	8	0.025763236	0.025763236	2	0.01285347	2	0.006440809	0	0	FWER-intersection (138)	2
MSL2	8	0.025763236	0.025763236	1	0.006426735	4	0.012881618	1	0.006426735	FWER-intersection (138)	2
MED12	8	0.025763236	0.025763236	0	0	8	0.025763236	2	0.01285347	FDR-union (615)	1
PUF60	8	0.025763236	0.025763236	0	0	5	0.016102022	2	0.01285347	FWER-intersection (138)	2
BCOR	8	0.025763236	0.025763236	0	0	3	0.009661213	1	0.006426735	FDR-union (615)	1
NF1	7	0.022542831	0.022542831	5	0.032133676	7	0.022542831	4	0.025706941	FDR-union (615)	1
CTCF	7	0.022542831	0.022542831	3	0.019280206	17	0.054746876	2	0.01285347	FWER-intersection (138)	2
MIB1	7	0.022542831	0.022542831	2	0.01285347	2	0.006440809	3	0.019280206	FDR-union (615)	1
KIDINS220	7	0.022542831	0.022542831	1	0.006426735	8	0.025763236	4	0.025706941	FWER-intersection (138)	2
CDKL5	7	0.022542831	0.022542831	1	0.006426735	6	0.019322427	0	0	FDR-union (615)	1
ZMYM2	7	0.022542831	0.022542831	1	0.006426735	1	0.003220404	0	0	FDR-union (615)	1
FOXP2	7	0.022542831	0.022542831	1	0.006426735	0	0	2	0.01285347	FDR-union (615)	1
ARID1A	7	0.022542831	0.022542831	0	0	12	0.038644854	1	0.006426735	FDR-union (615)	1
HNRNPK	7	0.022542831	0.022542831	0	0	4	0.012881618	1	0.006426735	FWER-intersection (138)	2
BRPF1	7	0.022542831	0.022542831	0	0	2	0.006440809	0	0	FDR-union (615)	1
KIF11	7	0.022542831	0.022542831	0	0	2	0.006440809	0	0	FDR-union (615)	1
ZFHX3	7	0.022542831	0.022542831	0	0	1	0.003220404	3	0.019280206	FDR-union (615)	1
ZC4H2	7	0.022542831	0.022542831	0	0	1	0.003220404	0	0	FWER-intersection (138)	2
MYT1L	6	0.019322427	0.019322427	4	0.025706941	11	0.035424449	2	0.01285347	FWER-intersection (138)	2
ZMYND11	6	0.019322427	0.019322427	2	0.01285347	11	0.035424449	0	0	FWER-intersection (138)	2
SRCAP	6	0.019322427	0.019322427	2	0.01285347	4	0.012881618	3	0.019280206	FDR-union (615)	1
KDM6B	6	0.019322427	0.019322427	2	0.01285347	4	0.012881618	2	0.01285347	FDR-union (615)	1
DNMT3A	6	0.019322427	0.019322427	1	0.006426735	19	0.061187685	6	0.038560411	FWER-intersection (138)	2
KMT2B	6	0.019322427	0.019322427	1	0.006426735	8	0.025763236	3	0.019280206	FDR-union (615)	1
NFIA	6	0.019322427	0.019322427	1	0.006426735	5	0.016102022	1	0.006426735	FWER-intersection (138)	2
HIVEP2	6	0.019322427	0.019322427	1	0.006426735	4	0.012881618	1	0.006426735	FDR-union (615)	1
SETD1A	6	0.019322427	0.019322427	1	0.006426735	2	0.006440809	5	0.032133676	FDR-union (615)	1
ASXL2	6	0.019322427	0.019322427	1	0.006426735	2	0.006440809	2	0.01285347	FDR-union (615)	1
KCNB1	6	0.019322427	0.019322427	0	0	26	0.083730517	3	0.019280206	FWER-intersection (138)	2
ODC1	6	0.019322427	0.019322427	0	0	4	0.012881618	1	0.006426735	FWER-intersection (138)	2
TAB2	6	0.019322427	0.019322427	0	0	4	0.012881618	0	0	FDR-union (615)	1
SET	6	0.019322427	0.019322427	0	0	1	0.003220404	0	0	FWER-intersection (138)	2
GLI3	6	0.019322427	0.019322427	0	0	0	0	2	0.01285347	FDR-union (615)	1
ANK2	5	0.016102022	0.016102022	8	0.051413882	7	0.022542831	5	0.032133676	FDR-union (615)	1
WDFY3	5	0.016102022	0.016102022	8	0.051413882	6	0.019322427	8	0.051413882	FDR-union (615)	1
PHF21A	5	0.016102022	0.016102022	4	0.025706941	2	0.006440809	0	0	FWER-intersection (138)	2
SLC6A1	5	0.016102022	0.016102022	2	0.01285347	32	0.103052943	5	0.032133676	FWER-intersection (138)	2
SETD2	5	0.016102022	0.016102022	2	0.01285347	6	0.019322427	1	0.006426735	FDR-union (615)	1
TNRC6B	5	0.016102022	0.016102022	2	0.01285347	3	0.009661213	3	0.019280206	FDR-union (615)	1
FBXO11	5	0.016102022	0.016102022	1	0.006426735	15	0.048306067	0	0	FWER-intersection (138)	2
CTNND1	5	0.016102022	0.016102022	1	0.006426735	3	0.009661213	0	0	FDR-union (615)	1
CACNA1C	5	0.016102022	0.016102022	0	0	9	0.02898364	1	0.006426735	FDR-union (615)	1
USP7	5	0.016102022	0.016102022	0	0	8	0.025763236	2	0.01285347	FDR-union (615)	1
STAG2	5	0.016102022	0.016102022	0	0	3	0.009661213	0	0	FDR-union (615)	1
GATA3	5	0.016102022	0.016102022	0	0	2	0.006440809	0	0	FDR-union (615)	1
ZMIZ1	5	0.016102022	0.016102022	0	0	1	0.003220404	0	0	FDR-union (615)	1
PHF12	4	0.012881618	0.012881618	4	0.025706941	4	0.012881618	1	0.006426735	FDR-union (615)	1
SPTBN1	4	0.012881618	0.012881618	2	0.01285347	14	0.045085663	3	0.019280206	FDR-union (615)	1
PCDH19	4	0.012881618	0.012881618	2	0.01285347	4	0.012881618	2	0.01285347	FDR-union (615)	1
CDK13	4	0.012881618	0.012881618	1	0.006426735	21	0.067628494	2	0.01285347	FWER-intersection (138)	2
TNPO3	4	0.012881618	0.012881618	1	0.006426735	7	0.022542831	6	0.038560411	FDR-union (615)	1
PTPRD	4	0.012881618	0.012881618	1	0.006426735	7	0.022542831	0	0	FDR-union (615)	1
MARK2	4	0.012881618	0.012881618	1	0.006426735	5	0.016102022	3	0.019280206	FDR-union (615)	1
RESF1	4	0.012881618	0.012881618	1	0.006426735	5	0.016102022	1	0.006426735	FDR-union (615)	1
TCF7L2	4	0.012881618	0.012881618	1	0.006426735	4	0.012881618	2	0.01285347	FDR-union (615)	1
KDM5C	4	0.012881618	0.012881618	1	0.006426735	4	0.012881618	1	0.006426735	FDR-union (615)	1
IQSEC2	4	0.012881618	0.012881618	1	0.006426735	1	0.003220404	2	0.01285347	FDR-union (615)	1
CNKSR2	4	0.012881618	0.012881618	1	0.006426735	1	0.003220404	0	0	FDR-union (615)	1
CHD4	4	0.012881618	0.012881618	0	0	16	0.051526472	2	0.01285347	FDR-union (615)	1
ARHGAP35	4	0.012881618	0.012881618	0	0	11	0.035424449	2	0.01285347	FDR-union (615)	1
PIK3R1	4	0.012881618	0.012881618	0	0	8	0.025763236	0	0	FDR-union (615)	1
EML6	4	0.012881618	0.012881618	0	0	5	0.016102022	1	0.006426735	FDR-union (615)	1
ZNF644	4	0.012881618	0.012881618	0	0	3	0.009661213	1	0.006426735	FDR-union (615)	1
NARS1	4	0.012881618	0.012881618	0	0	3	0.009661213	0	0	FDR-union (615)	1
JAG1	4	0.012881618	0.012881618	0	0	2	0.006440809	0	0	FDR-union (615)	1
OTX2	4	0.012881618	0.012881618	0	0	0	0	0	0	FDR-union (615)	1
MED13	3	0.009661213	0.009661213	7	0.044987147	10	0.032204045	2	0.01285347	FWER-intersection (138)	2
NR3C2	3	0.009661213	0.009661213	2	0.01285347	0	0	2	0.01285347	FDR-union (615)	1
SPRY2	3	0.009661213	0.009661213	2	0.01285347	0	0	1	0.006426735	FDR-union (615)	1
CHD3	3	0.009661213	0.009661213	1	0.006426735	45	0.144918202	6	0.038560411	FWER-intersection (138)	2
PRPF8	3	0.009661213	0.009661213	1	0.006426735	16	0.051526472	4	0.025706941	FDR-union (615)	1
CNOT3	3	0.009661213	0.009661213	1	0.006426735	11	0.035424449	2	0.01285347	FDR-union (615)	1
STAG1	3	0.009661213	0.009661213	1	0.006426735	8	0.025763236	1	0.006426735	FDR-union (615)	1
SATB1	3	0.009661213	0.009661213	1	0.006426735	7	0.022542831	1	0.006426735	FDR-union (615)	1
ERF	3	0.009661213	0.009661213	1	0.006426735	6	0.019322427	2	0.01285347	FDR-union (615)	1
RPS6KA3	3	0.009661213	0.009661213	1	0.006426735	6	0.019322427	1	0.006426735	FDR-union (615)	1
ANKRD17	3	0.009661213	0.009661213	1	0.006426735	5	0.016102022	2	0.01285347	FDR-union (615)	1
TCF12	3	0.009661213	0.009661213	1	0.006426735	4	0.012881618	0	0	FDR-union (615)	1
TNRC6A	3	0.009661213	0.009661213	1	0.006426735	3	0.009661213	3	0.019280206	FDR-union (615)	1
DLL1	3	0.009661213	0.009661213	1	0.006426735	3	0.009661213	2	0.01285347	FDR-union (615)	1
BRSK1	3	0.009661213	0.009661213	1	0.006426735	0	0	2	0.01285347	FDR-union (615)	1
GSK3B	3	0.009661213	0.009661213	1	0.006426735	0	0	1	0.006426735	FDR-union (615)	1
SKI	3	0.009661213	0.009661213	1	0.006426735	0	0	1	0.006426735	FDR-union (615)	1
CACNA1A	3	0.009661213	0.009661213	0	0	40	0.128816179	1	0.006426735	FWER-intersection (138)	2
CSMD1	3	0.009661213	0.009661213	0	0	15	0.048306067	10	0.064267352	FDR-union (615)	1
NIPBL	3	0.009661213	0.009661213	0	0	12	0.038644854	0	0	FDR-union (615)	1
ARID4A	3	0.009661213	0.009661213	0	0	10	0.032204045	0	0	FDR-union (615)	1
CBL	3	0.009661213	0.009661213	0	0	9	0.02898364	3	0.019280206	FDR-union (615)	1
DNAH6	3	0.009661213	0.009661213	0	0	9	0.02898364	3	0.019280206	FDR-union (615)	1
UBTF	3	0.009661213	0.009661213	0	0	8	0.025763236	1	0.006426735	FDR-union (615)	1
RORA	3	0.009661213	0.009661213	0	0	6	0.019322427	2	0.01285347	FDR-union (615)	1
MGA	3	0.009661213	0.009661213	0	0	6	0.019322427	1	0.006426735	FDR-union (615)	1
KCNA1	3	0.009661213	0.009661213	0	0	4	0.012881618	0	0	FDR-union (615)	1
PCBP2	3	0.009661213	0.009661213	0	0	4	0.012881618	0	0	FDR-union (615)	1
PHF6	3	0.009661213	0.009661213	0	0	4	0.012881618	0	0	FDR-union (615)	1
CSNK2B	3	0.009661213	0.009661213	0	0	3	0.009661213	0	0	FDR-union (615)	1
EXT1	3	0.009661213	0.009661213	0	0	2	0.006440809	2	0.01285347	FDR-union (615)	1
NONO	3	0.009661213	0.009661213	0	0	2	0.006440809	0	0	FDR-union (615)	1
PTCHD1	3	0.009661213	0.009661213	0	0	0	0	1	0.006426735	FDR-union (615)	1
ARCN1	3	0.009661213	0.009661213	0	0	0	0	0	0	FDR-union (615)	1
FBXO28	3	0.009661213	0.009661213	0	0	0	0	0	0	FDR-union (615)	1
NR4A2	2	0.006440809	0.006440809	3	0.019280206	4	0.012881618	1	0.006426735	FDR-union (615)	1
TSC1	2	0.006440809	0.006440809	3	0.019280206	2	0.006440809	2	0.01285347	FDR-union (615)	1
CSDE1	2	0.006440809	0.006440809	3	0.019280206	2	0.006440809	0	0	FDR-union (615)	1
KDM3B	2	0.006440809	0.006440809	2	0.01285347	9	0.02898364	0	0	FDR-union (615)	1
CDC42BPB	2	0.006440809	0.006440809	2	0.01285347	8	0.025763236	3	0.019280206	FDR-union (615)	1
MEIS2	2	0.006440809	0.006440809	2	0.01285347	7	0.022542831	1	0.006426735	FDR-union (615)	1
CAPRIN1	2	0.006440809	0.006440809	2	0.01285347	3	0.009661213	0	0	FDR-union (615)	1
SRPRA	2	0.006440809	0.006440809	2	0.01285347	1	0.003220404	2	0.01285347	FDR-union (615)	1
AAAS	2	0.006440809	0.006440809	2	0.01285347	1	0.003220404	1	0.006426735	FDR-union (615)	1
SYNCRIP	2	0.006440809	0.006440809	2	0.01285347	1	0.003220404	0	0	FDR-union (615)	1
PSMD12	2	0.006440809	0.006440809	2	0.01285347	0	0	2	0.01285347	FDR-union (615)	1
SCN8A	2	0.006440809	0.006440809	1	0.006426735	36	0.115934561	4	0.025706941	FWER-intersection (138)	2
ITPR1	2	0.006440809	0.006440809	1	0.006426735	26	0.083730517	5	0.032133676	FDR-union (615)	1
TRIO	2	0.006440809	0.006440809	1	0.006426735	24	0.077289708	5	0.032133676	FWER-intersection (138)	2
COL4A1	2	0.006440809	0.006440809	1	0.006426735	19	0.061187685	1	0.006426735	FDR-union (615)	1
CACNA1E	2	0.006440809	0.006440809	1	0.006426735	15	0.048306067	6	0.038560411	FDR-union (615)	1
CSNK2A1	2	0.006440809	0.006440809	1	0.006426735	15	0.048306067	2	0.01285347	FWER-intersection (138)	2
ZBTB20	2	0.006440809	0.006440809	1	0.006426735	11	0.035424449	0	0	FDR-union (615)	1
PBX1	2	0.006440809	0.006440809	1	0.006426735	8	0.025763236	4	0.025706941	FWER-intersection (138)	2
HDAC4	2	0.006440809	0.006440809	1	0.006426735	8	0.025763236	2	0.01285347	FDR-union (615)	1
KCNMA1	2	0.006440809	0.006440809	1	0.006426735	7	0.022542831	3	0.019280206	FDR-union (615)	1
KIAA0100	2	0.006440809	0.006440809	1	0.006426735	7	0.022542831	3	0.019280206	FDR-union (615)	1
CEP85L	2	0.006440809	0.006440809	1	0.006426735	6	0.019322427	3	0.019280206	FDR-union (615)	1
RIF1	2	0.006440809	0.006440809	1	0.006426735	4	0.012881618	4	0.025706941	FDR-union (615)	1
CRIM1	2	0.006440809	0.006440809	1	0.006426735	4	0.012881618	2	0.01285347	FDR-union (615)	1
NFIB	2	0.006440809	0.006440809	1	0.006426735	3	0.009661213	0	0	FDR-union (615)	1
NXPE4	2	0.006440809	0.006440809	1	0.006426735	3	0.009661213	0	0	FDR-union (615)	1
LEO1	2	0.006440809	0.006440809	1	0.006426735	2	0.006440809	1	0.006426735	FDR-union (615)	1
GLYR1	2	0.006440809	0.006440809	1	0.006426735	2	0.006440809	0	0	FDR-union (615)	1
OPHN1	2	0.006440809	0.006440809	1	0.006426735	2	0.006440809	0	0	FDR-union (615)	1
CDKN2AIP	2	0.006440809	0.006440809	1	0.006426735	0	0	1	0.006426735	FDR-union (615)	1
HNRNPD	2	0.006440809	0.006440809	1	0.006426735	0	0	0	0	FDR-union (615)	1
ZNF107	2	0.006440809	0.006440809	1	0.006426735	0	0	0	0	FDR-union (615)	1
ATP1A3	2	0.006440809	0.006440809	0	0	30	0.096612134	4	0.025706941	FWER-intersection (138)	2
HECW2	2	0.006440809	0.006440809	0	0	20	0.06440809	4	0.025706941	FWER-intersection (138)	2
GNAS	2	0.006440809	0.006440809	0	0	10	0.032204045	2	0.01285347	FDR-union (615)	1
DPF2	2	0.006440809	0.006440809	0	0	9	0.02898364	1	0.006426735	FDR-union (615)	1
CLASP1	2	0.006440809	0.006440809	0	0	5	0.016102022	5	0.032133676	FDR-union (615)	1
PPP2CA	2	0.006440809	0.006440809	0	0	5	0.016102022	0	0	FDR-union (615)	1
YY1	2	0.006440809	0.006440809	0	0	4	0.012881618	1	0.006426735	FDR-union (615)	1
PLEKHH2	2	0.006440809	0.006440809	0	0	3	0.009661213	3	0.019280206	FDR-union (615)	1
SLC39A8	2	0.006440809	0.006440809	0	0	3	0.009661213	1	0.006426735	FDR-union (615)	1
KCNE2	2	0.006440809	0.006440809	0	0	1	0.003220404	0	0	FDR-union (615)	1
NDUFB11	2	0.006440809	0.006440809	0	0	1	0.003220404	0	0	FDR-union (615)	1
PDCD5	2	0.006440809	0.006440809	0	0	1	0.003220404	0	0	FDR-union (615)	1
SVIP	2	0.006440809	0.006440809	0	0	1	0.003220404	0	0	FDR-union (615)	1
CNGB3	2	0.006440809	0.006440809	0	0	0	0	6	0.038560411	FDR-union (615)	1
LAMP2	2	0.006440809	0.006440809	0	0	0	0	1	0.006426735	FDR-union (615)	1
DYNC1H1	1	0.003220404	0.003220404	6	0.038560411	63	0.202885482	11	0.070694087	FWER-intersection (138)	2
UNC80	1	0.003220404	0.003220404	3	0.019280206	7	0.022542831	1	0.006426735	FDR-union (615)	1
RFX3	1	0.003220404	0.003220404	3	0.019280206	6	0.019322427	3	0.019280206	FDR-union (615)	1
ZMYND8	1	0.003220404	0.003220404	3	0.019280206	5	0.016102022	2	0.01285347	FDR-union (615)	1
GGNBP2	1	0.003220404	0.003220404	3	0.019280206	4	0.012881618	0	0	FDR-union (615)	1
ATP2B2	1	0.003220404	0.003220404	2	0.01285347	8	0.025763236	4	0.025706941	FDR-union (615)	1
GRIA2	1	0.003220404	0.003220404	2	0.01285347	8	0.025763236	2	0.01285347	FDR-union (615)	1
LDB1	1	0.003220404	0.003220404	2	0.01285347	3	0.009661213	0	0	FDR-union (615)	1
CELF2	1	0.003220404	0.003220404	2	0.01285347	2	0.006440809	1	0.006426735	FDR-union (615)	1
UPF3B	1	0.003220404	0.003220404	2	0.01285347	2	0.006440809	0	0	FDR-union (615)	1
SMARCD1	1	0.003220404	0.003220404	2	0.01285347	1	0.003220404	0	0	FDR-union (615)	1
ARHGEF9	1	0.003220404	0.003220404	2	0.01285347	0	0	1	0.006426735	FDR-union (615)	1
SRSF11	1	0.003220404	0.003220404	2	0.01285347	0	0	1	0.006426735	FDR-union (615)	1
BSDC1	1	0.003220404	0.003220404	2	0.01285347	0	0	0	0	FDR-union (615)	1
ILF2	1	0.003220404	0.003220404	2	0.01285347	0	0	0	0	FDR-union (615)	1
NALCN	1	0.003220404	0.003220404	1	0.006426735	14	0.045085663	9	0.057840617	FWER-intersection (138)	2
MYO3A	1	0.003220404	0.003220404	1	0.006426735	8	0.025763236	0	0	FDR-union (615)	1
DNAH14	1	0.003220404	0.003220404	1	0.006426735	7	0.022542831	3	0.019280206	FDR-union (615)	1
EIF4G2	1	0.003220404	0.003220404	1	0.006426735	6	0.019322427	4	0.025706941	FDR-union (615)	1
ERI1	1	0.003220404	0.003220404	1	0.006426735	6	0.019322427	2	0.01285347	FDR-union (615)	1
CTR9	1	0.003220404	0.003220404	1	0.006426735	6	0.019322427	1	0.006426735	FDR-union (615)	1
GARNL3	1	0.003220404	0.003220404	1	0.006426735	4	0.012881618	5	0.032133676	FDR-union (615)	1
AP1G1	1	0.003220404	0.003220404	1	0.006426735	4	0.012881618	2	0.01285347	FDR-union (615)	1
LOXHD1	1	0.003220404	0.003220404	1	0.006426735	4	0.012881618	2	0.01285347	FDR-union (615)	1
FREM3	1	0.003220404	0.003220404	1	0.006426735	4	0.012881618	1	0.006426735	FDR-union (615)	1
PLEKHO1	1	0.003220404	0.003220404	1	0.006426735	2	0.006440809	2	0.01285347	FDR-union (615)	1
TCEAL1	1	0.003220404	0.003220404	1	0.006426735	2	0.006440809	0	0	FDR-union (615)	1
SPRY1	1	0.003220404	0.003220404	1	0.006426735	1	0.003220404	1	0.006426735	FDR-union (615)	1
SMARCA4	1	0.003220404	0.003220404	0	0	28	0.090171326	3	0.019280206	FWER-intersection (138)	2
SPTAN1	1	0.003220404	0.003220404	0	0	27	0.086950921	6	0.038560411	FWER-intersection (138)	2
GRIN2A	1	0.003220404	0.003220404	0	0	16	0.051526472	0	0	FDR-union (615)	1
DEAF1	1	0.003220404	0.003220404	0	0	14	0.045085663	7	0.044987147	FWER-intersection (138)	2
LZTR1	1	0.003220404	0.003220404	0	0	14	0.045085663	2	0.01285347	FDR-union (615)	1
CACNA1G	1	0.003220404	0.003220404	0	0	13	0.041865258	4	0.025706941	FDR-union (615)	1
SYT1	1	0.003220404	0.003220404	0	0	12	0.038644854	4	0.025706941	FDR-union (615)	1
SMC3	1	0.003220404	0.003220404	0	0	11	0.035424449	3	0.019280206	FDR-union (615)	1
UPF1	1	0.003220404	0.003220404	0	0	10	0.032204045	3	0.019280206	FDR-union (615)	1
KCNQ3	1	0.003220404	0.003220404	0	0	9	0.02898364	4	0.025706941	FDR-union (615)	1
SOS1	1	0.003220404	0.003220404	0	0	9	0.02898364	1	0.006426735	FDR-union (615)	1
BICD2	1	0.003220404	0.003220404	0	0	9	0.02898364	0	0	FDR-union (615)	1
PRDM10	1	0.003220404	0.003220404	0	0	9	0.02898364	0	0	FDR-union (615)	1
VCP	1	0.003220404	0.003220404	0	0	9	0.02898364	0	0	FDR-union (615)	1
WFS1	1	0.003220404	0.003220404	0	0	8	0.025763236	4	0.025706941	FDR-union (615)	1
SCN3A	1	0.003220404	0.003220404	0	0	8	0.025763236	3	0.019280206	FDR-union (615)	1
KCNA2	1	0.003220404	0.003220404	0	0	8	0.025763236	0	0	FDR-union (615)	1
PRKCE	1	0.003220404	0.003220404	0	0	7	0.022542831	1	0.006426735	FDR-union (615)	1
OGT	1	0.003220404	0.003220404	0	0	7	0.022542831	0	0	FDR-union (615)	1
RAC1	1	0.003220404	0.003220404	0	0	7	0.022542831	0	0	FDR-union (615)	1
NCOA2	1	0.003220404	0.003220404	0	0	6	0.019322427	4	0.025706941	FDR-union (615)	1
PPP3CA	1	0.003220404	0.003220404	0	0	6	0.019322427	3	0.019280206	FDR-union (615)	1
COL3A1	1	0.003220404	0.003220404	0	0	6	0.019322427	2	0.01285347	FDR-union (615)	1
EZH2	1	0.003220404	0.003220404	0	0	6	0.019322427	2	0.01285347	FDR-union (615)	1
GRIN1	1	0.003220404	0.003220404	0	0	6	0.019322427	2	0.01285347	FDR-union (615)	1
MAP3K12	1	0.003220404	0.003220404	0	0	6	0.019322427	0	0	FDR-union (615)	1
SPOP	1	0.003220404	0.003220404	0	0	6	0.019322427	0	0	FDR-union (615)	1
XPO1	1	0.003220404	0.003220404	0	0	5	0.016102022	4	0.025706941	FDR-union (615)	1
GALNTL5	1	0.003220404	0.003220404	0	0	5	0.016102022	3	0.019280206	FDR-union (615)	1
MTIF2	1	0.003220404	0.003220404	0	0	5	0.016102022	3	0.019280206	FDR-union (615)	1
KIF2A	1	0.003220404	0.003220404	0	0	5	0.016102022	2	0.01285347	FDR-union (615)	1
CBLL1	1	0.003220404	0.003220404	0	0	5	0.016102022	1	0.006426735	FDR-union (615)	1
CAMK4	1	0.003220404	0.003220404	0	0	5	0.016102022	0	0	FDR-union (615)	1
FBXO8	1	0.003220404	0.003220404	0	0	5	0.016102022	0	0	FDR-union (615)	1
PSPH	1	0.003220404	0.003220404	0	0	5	0.016102022	0	0	FDR-union (615)	1
ZNF200	1	0.003220404	0.003220404	0	0	5	0.016102022	0	0	FDR-union (615)	1
MSH6	1	0.003220404	0.003220404	0	0	4	0.012881618	5	0.032133676	FDR-union (615)	1
CSNK1E	1	0.003220404	0.003220404	0	0	4	0.012881618	3	0.019280206	FDR-union (615)	1
CAMK2A	1	0.003220404	0.003220404	0	0	4	0.012881618	2	0.01285347	FDR-union (615)	1
TRPC4	1	0.003220404	0.003220404	0	0	4	0.012881618	2	0.01285347	FDR-union (615)	1
GET4	1	0.003220404	0.003220404	0	0	4	0.012881618	1	0.006426735	FDR-union (615)	1
IK	1	0.003220404	0.003220404	0	0	4	0.012881618	1	0.006426735	FDR-union (615)	1
PAK1	1	0.003220404	0.003220404	0	0	4	0.012881618	1	0.006426735	FDR-union (615)	1
ZBTB34	1	0.003220404	0.003220404	0	0	4	0.012881618	1	0.006426735	FDR-union (615)	1
KANK2	1	0.003220404	0.003220404	0	0	4	0.012881618	0	0	FDR-union (615)	1
SLC16A2	1	0.003220404	0.003220404	0	0	4	0.012881618	0	0	FDR-union (615)	1
STON1-GTF2A1L	1	0.003220404	0.003220404	0	0	4	0.012881618	0	0	FDR-union (615)	1
TXLNG	1	0.003220404	0.003220404	0	0	4	0.012881618	0	0	FDR-union (615)	1
TAF6	1	0.003220404	0.003220404	0	0	3	0.009661213	6	0.038560411	FDR-union (615)	1
NPVF	1	0.003220404	0.003220404	0	0	3	0.009661213	3	0.019280206	FDR-union (615)	1
AGO3	1	0.003220404	0.003220404	0	0	3	0.009661213	2	0.01285347	FDR-union (615)	1
GREB1L	1	0.003220404	0.003220404	0	0	3	0.009661213	2	0.01285347	FDR-union (615)	1
SRSF1	1	0.003220404	0.003220404	0	0	3	0.009661213	2	0.01285347	FDR-union (615)	1
H4C8	1	0.003220404	0.003220404	0	0	3	0.009661213	1	0.006426735	FDR-union (615)	1
NFATC4	1	0.003220404	0.003220404	0	0	3	0.009661213	1	0.006426735	FDR-union (615)	1
VAMP2	1	0.003220404	0.003220404	0	0	3	0.009661213	1	0.006426735	FDR-union (615)	1
FUT7	1	0.003220404	0.003220404	0	0	3	0.009661213	0	0	FDR-union (615)	1
GDF11	1	0.003220404	0.003220404	0	0	3	0.009661213	0	0	FDR-union (615)	1
PLP1	1	0.003220404	0.003220404	0	0	3	0.009661213	0	0	FDR-union (615)	1
C3AR1	1	0.003220404	0.003220404	0	0	2	0.006440809	3	0.019280206	FDR-union (615)	1
ETF1	1	0.003220404	0.003220404	0	0	2	0.006440809	1	0.006426735	FDR-union (615)	1
MAGEB2	1	0.003220404	0.003220404	0	0	2	0.006440809	1	0.006426735	FDR-union (615)	1
OR5K4	1	0.003220404	0.003220404	0	0	2	0.006440809	1	0.006426735	FDR-union (615)	1
PHF5A	1	0.003220404	0.003220404	0	0	2	0.006440809	0	0	FDR-union (615)	1
MPHOSPH10	1	0.003220404	0.003220404	0	0	1	0.003220404	6	0.038560411	FDR-union (615)	1
TOPAZ1	1	0.003220404	0.003220404	0	0	1	0.003220404	3	0.019280206	FDR-union (615)	1
EIF3G	1	0.003220404	0.003220404	0	0	1	0.003220404	2	0.01285347	FDR-union (615)	1
SMARCC2	0	0	0	6	0.038560411	4	0.012881618	0	0	FDR-union (615)	1
SPAST	0	0	0	3	0.019280206	9	0.02898364	0	0	FDR-union (615)	1
TBR1	0	0	0	3	0.019280206	2	0.006440809	5	0.032133676	FDR-union (615)	1
PAX5	0	0	0	3	0.019280206	0	0	1	0.006426735	FDR-union (615)	1
FXYD5	0	0	0	3	0.019280206	0	0	0	0	FDR-union (615)	1
PPP2R5D	0	0	0	2	0.01285347	14	0.045085663	2	0.01285347	FWER-intersection (138)	2
RORB	0	0	0	2	0.01285347	6	0.019322427	3	0.019280206	FDR-union (615)	1
MAVS	0	0	0	2	0.01285347	4	0.012881618	0	0	FDR-union (615)	1
CEP295	0	0	0	2	0.01285347	3	0.009661213	2	0.01285347	FDR-union (615)	1
TBCEL	0	0	0	2	0.01285347	2	0.006440809	1	0.006426735	FDR-union (615)	1
LRP10	0	0	0	2	0.01285347	1	0.003220404	6	0.038560411	FDR-union (615)	1
RYR2	0	0	0	1	0.006426735	22	0.070848899	7	0.044987147	FDR-union (615)	1
GABRB3	0	0	0	1	0.006426735	13	0.041865258	1	0.006426735	FWER-intersection (138)	2
DNM1L	0	0	0	1	0.006426735	11	0.035424449	0	0	FDR-union (615)	1
GABRG2	0	0	0	1	0.006426735	8	0.025763236	3	0.019280206	FDR-union (615)	1
AFF3	0	0	0	1	0.006426735	8	0.025763236	1	0.006426735	FDR-union (615)	1
CYFIP2	0	0	0	1	0.006426735	7	0.022542831	6	0.038560411	FDR-union (615)	1
CEP164	0	0	0	1	0.006426735	7	0.022542831	1	0.006426735	FDR-union (615)	1
HRAS	0	0	0	1	0.006426735	7	0.022542831	0	0	FDR-union (615)	1
MYO1E	0	0	0	1	0.006426735	6	0.019322427	5	0.032133676	FDR-union (615)	1
CYP27C1	0	0	0	1	0.006426735	6	0.019322427	0	0	FDR-union (615)	1
NFE2L2	0	0	0	1	0.006426735	6	0.019322427	0	0	FDR-union (615)	1
DICER1	0	0	0	1	0.006426735	5	0.016102022	3	0.019280206	FDR-union (615)	1
CPSF7	0	0	0	1	0.006426735	5	0.016102022	2	0.01285347	FDR-union (615)	1
G3BP2	0	0	0	1	0.006426735	5	0.016102022	2	0.01285347	FDR-union (615)	1
SLC39A12	0	0	0	1	0.006426735	5	0.016102022	2	0.01285347	FDR-union (615)	1
ZNF438	0	0	0	1	0.006426735	5	0.016102022	2	0.01285347	FDR-union (615)	1
PRKAR1B	0	0	0	1	0.006426735	5	0.016102022	1	0.006426735	FDR-union (615)	1
TUBGCP4	0	0	0	1	0.006426735	5	0.016102022	1	0.006426735	FDR-union (615)	1
AFF4	0	0	0	1	0.006426735	4	0.012881618	0	0	FDR-union (615)	1
ARIH1	0	0	0	1	0.006426735	4	0.012881618	0	0	FDR-union (615)	1
LMBRD2	0	0	0	1	0.006426735	4	0.012881618	0	0	FDR-union (615)	1
TRIM66	0	0	0	1	0.006426735	4	0.012881618	0	0	FDR-union (615)	1
RGS2	0	0	0	1	0.006426735	3	0.009661213	1	0.006426735	FDR-union (615)	1
PFKFB2	0	0	0	1	0.006426735	3	0.009661213	0	0	FDR-union (615)	1
SMARCE1	0	0	0	1	0.006426735	3	0.009661213	0	0	FDR-union (615)	1
MORC1	0	0	0	1	0.006426735	2	0.006440809	7	0.044987147	FDR-union (615)	1
TMEM165	0	0	0	1	0.006426735	2	0.006440809	2	0.01285347	FDR-union (615)	1
NUDCD2	0	0	0	1	0.006426735	1	0.003220404	4	0.025706941	FDR-union (615)	1
PTPRR	0	0	0	1	0.006426735	1	0.003220404	4	0.025706941	FDR-union (615)	1
ANP32D	0	0	0	1	0.006426735	1	0.003220404	1	0.006426735	FDR-union (615)	1
CCDC7	0	0	0	1	0.006426735	0	0	3	0.019280206	FDR-union (615)	1
KCNQ2	0	0	0	0	0	45	0.144918202	1	0.006426735	FWER-intersection (138)	2
KIF1A	0	0	0	0	0	42	0.135256988	0	0	FWER-intersection (138)	2
PTPN11	0	0	0	0	0	40	0.128816179	3	0.019280206	FWER-intersection (138)	2
BRAF	0	0	0	0	0	34	0.109493752	3	0.019280206	FWER-intersection (138)	2
SMARCA2	0	0	0	0	0	29	0.09339173	3	0.019280206	FWER-intersection (138)	2
HUWE1	0	0	0	0	0	25	0.080510112	1	0.006426735	FDR-union (615)	1
TRRAP	0	0	0	0	0	19	0.061187685	10	0.064267352	FDR-union (615)	1
GABRB2	0	0	0	0	0	17	0.054746876	2	0.01285347	FWER-intersection (138)	2
PPP2R1A	0	0	0	0	0	17	0.054746876	1	0.006426735	FWER-intersection (138)	2
EEF1A2	0	0	0	0	0	16	0.051526472	2	0.01285347	FWER-intersection (138)	2
PIK3CA	0	0	0	0	0	15	0.048306067	4	0.025706941	FWER-intersection (138)	2
DNM1	0	0	0	0	0	15	0.048306067	1	0.006426735	FDR-union (615)	1
GABRA1	0	0	0	0	0	14	0.045085663	3	0.019280206	FWER-intersection (138)	2
ATP6V1A	0	0	0	0	0	13	0.041865258	2	0.01285347	FWER-intersection (138)	2
ATP1A2	0	0	0	0	0	12	0.038644854	1	0.006426735	FDR-union (615)	1
H3-3A	0	0	0	0	0	12	0.038644854	1	0.006426735	FWER-intersection (138)	2
MAP3K7	0	0	0	0	0	12	0.038644854	1	0.006426735	FWER-intersection (138)	2
SAMD9	0	0	0	0	0	12	0.038644854	1	0.006426735	FDR-union (615)	1
WDR37	0	0	0	0	0	12	0.038644854	1	0.006426735	FWER-intersection (138)	2
FBXW7	0	0	0	0	0	12	0.038644854	0	0	FWER-intersection (138)	2
TRAF7	0	0	0	0	0	12	0.038644854	0	0	FDR-union (615)	1
PABPC1	0	0	0	0	0	11	0.035424449	6	0.038560411	FWER-intersection (138)	2
MTOR	0	0	0	0	0	11	0.035424449	4	0.025706941	FDR-union (615)	1
GNB1	0	0	0	0	0	11	0.035424449	3	0.019280206	FWER-intersection (138)	2
HK1	0	0	0	0	0	11	0.035424449	2	0.01285347	FDR-union (615)	1
TAF1	0	0	0	0	0	11	0.035424449	2	0.01285347	FDR-union (615)	1
KCNT1	0	0	0	0	0	11	0.035424449	1	0.006426735	FDR-union (615)	1
FGFR2	0	0	0	0	0	11	0.035424449	0	0	FDR-union (615)	1
KCNH1	0	0	0	0	0	11	0.035424449	0	0	FDR-union (615)	1
POLR3B	0	0	0	0	0	11	0.035424449	0	0	FDR-union (615)	1
PPP1CB	0	0	0	0	0	11	0.035424449	0	0	FWER-intersection (138)	2
PLCG2	0	0	0	0	0	10	0.032204045	6	0.038560411	FDR-union (615)	1
SNRNP200	0	0	0	0	0	10	0.032204045	6	0.038560411	FDR-union (615)	1
CLCN4	0	0	0	0	0	10	0.032204045	5	0.032133676	FWER-intersection (138)	2
LRRK2	0	0	0	0	0	10	0.032204045	4	0.025706941	FDR-union (615)	1
VWDE	0	0	0	0	0	10	0.032204045	3	0.019280206	FDR-union (615)	1
DHDDS	0	0	0	0	0	10	0.032204045	2	0.01285347	FWER-intersection (138)	2
GNAI1	0	0	0	0	0	10	0.032204045	1	0.006426735	FWER-intersection (138)	2
KCND3	0	0	0	0	0	10	0.032204045	1	0.006426735	FDR-union (615)	1
AGO1	0	0	0	0	0	9	0.02898364	5	0.032133676	FDR-union (615)	1
CERT1	0	0	0	0	0	9	0.02898364	5	0.032133676	FWER-intersection (138)	2
MAPK8IP3	0	0	0	0	0	9	0.02898364	3	0.019280206	FDR-union (615)	1
PTPRT	0	0	0	0	0	9	0.02898364	3	0.019280206	FDR-union (615)	1
ABL1	0	0	0	0	0	9	0.02898364	2	0.01285347	FDR-union (615)	1
DSP	0	0	0	0	0	9	0.02898364	2	0.01285347	FDR-union (615)	1
MAST1	0	0	0	0	0	9	0.02898364	2	0.01285347	FDR-union (615)	1
KCNT2	0	0	0	0	0	9	0.02898364	1	0.006426735	FDR-union (615)	1
MAP2K1	0	0	0	0	0	9	0.02898364	1	0.006426735	FWER-intersection (138)	2
CAMK2G	0	0	0	0	0	9	0.02898364	0	0	FDR-union (615)	1
GNB2	0	0	0	0	0	8	0.025763236	3	0.019280206	FWER-intersection (138)	2
PSMC5	0	0	0	0	0	8	0.025763236	3	0.019280206	FWER-intersection (138)	2
CTNNA2	0	0	0	0	0	8	0.025763236	2	0.01285347	FDR-union (615)	1
MAST3	0	0	0	0	0	8	0.025763236	2	0.01285347	FDR-union (615)	1
RAF1	0	0	0	0	0	8	0.025763236	2	0.01285347	FDR-union (615)	1
SIRPA	0	0	0	0	0	8	0.025763236	1	0.006426735	FDR-union (615)	1
MFN2	0	0	0	0	0	8	0.025763236	0	0	FDR-union (615)	1
OR4A16	0	0	0	0	0	8	0.025763236	0	0	FDR-union (615)	1
PDE4D	0	0	0	0	0	8	0.025763236	0	0	FDR-union (615)	1
NTRK2	0	0	0	0	0	7	0.022542831	3	0.019280206	FDR-union (615)	1
SF3B1	0	0	0	0	0	7	0.022542831	3	0.019280206	FDR-union (615)	1
SUPT6H	0	0	0	0	0	7	0.022542831	3	0.019280206	FDR-union (615)	1
UGGT2	0	0	0	0	0	7	0.022542831	3	0.019280206	FDR-union (615)	1
ARF1	0	0	0	0	0	7	0.022542831	2	0.01285347	FDR-union (615)	1
MYOF	0	0	0	0	0	7	0.022542831	2	0.01285347	FDR-union (615)	1
DPYSL5	0	0	0	0	0	7	0.022542831	1	0.006426735	FDR-union (615)	1
IFIH1	0	0	0	0	0	7	0.022542831	1	0.006426735	FDR-union (615)	1
PIK3R2	0	0	0	0	0	7	0.022542831	1	0.006426735	FDR-union (615)	1
PRKD1	0	0	0	0	0	7	0.022542831	1	0.006426735	FDR-union (615)	1
AFG3L2	0	0	0	0	0	7	0.022542831	0	0	FDR-union (615)	1
FGFR3	0	0	0	0	0	7	0.022542831	0	0	FDR-union (615)	1
GNAO1	0	0	0	0	0	7	0.022542831	0	0	FDR-union (615)	1
H4C5	0	0	0	0	0	7	0.022542831	0	0	FDR-union (615)	1
KCNK3	0	0	0	0	0	7	0.022542831	0	0	FDR-union (615)	1
KRAS	0	0	0	0	0	7	0.022542831	0	0	FWER-intersection (138)	2
NAA10	0	0	0	0	0	7	0.022542831	0	0	FDR-union (615)	1
SLC13A2	0	0	0	0	0	7	0.022542831	0	0	FDR-union (615)	1
U2AF2	0	0	0	0	0	7	0.022542831	0	0	FDR-union (615)	1
KLHL25	0	0	0	0	0	6	0.019322427	4	0.025706941	FDR-union (615)	1
PIEZO2	0	0	0	0	0	6	0.019322427	4	0.025706941	FDR-union (615)	1
SF3B2	0	0	0	0	0	6	0.019322427	4	0.025706941	FDR-union (615)	1
TNPO2	0	0	0	0	0	6	0.019322427	3	0.019280206	FDR-union (615)	1
ARHGEF25	0	0	0	0	0	6	0.019322427	2	0.01285347	FDR-union (615)	1
FGFR1	0	0	0	0	0	6	0.019322427	2	0.01285347	FDR-union (615)	1
ZNF483	0	0	0	0	0	6	0.019322427	2	0.01285347	FDR-union (615)	1
ASIC3	0	0	0	0	0	6	0.019322427	1	0.006426735	FDR-union (615)	1
DDB1	0	0	0	0	0	6	0.019322427	1	0.006426735	FDR-union (615)	1
GFAP	0	0	0	0	0	6	0.019322427	1	0.006426735	FDR-union (615)	1
KLF7	0	0	0	0	0	6	0.019322427	1	0.006426735	FDR-union (615)	1
TEX10	0	0	0	0	0	6	0.019322427	1	0.006426735	FDR-union (615)	1
YWHAG	0	0	0	0	0	6	0.019322427	1	0.006426735	FDR-union (615)	1
ACTL6B	0	0	0	0	0	6	0.019322427	0	0	FDR-union (615)	1
AKT3	0	0	0	0	0	6	0.019322427	0	0	FDR-union (615)	1
ATL1	0	0	0	0	0	6	0.019322427	0	0	FDR-union (615)	1
ATN1	0	0	0	0	0	6	0.019322427	0	0	FDR-union (615)	1
CDK8	0	0	0	0	0	6	0.019322427	0	0	FDR-union (615)	1
COG4	0	0	0	0	0	6	0.019322427	0	0	FDR-union (615)	1
HDAC2	0	0	0	0	0	6	0.019322427	0	0	FDR-union (615)	1
OR10H1	0	0	0	0	0	6	0.019322427	0	0	FDR-union (615)	1
RIT1	0	0	0	0	0	6	0.019322427	0	0	FDR-union (615)	1
IDE	0	0	0	0	0	5	0.016102022	3	0.019280206	FDR-union (615)	1
EGR3	0	0	0	0	0	5	0.016102022	2	0.01285347	FDR-union (615)	1
H4C11	0	0	0	0	0	5	0.016102022	2	0.01285347	FDR-union (615)	1
KCNC1	0	0	0	0	0	5	0.016102022	2	0.01285347	FDR-union (615)	1
TM9SF4	0	0	0	0	0	5	0.016102022	2	0.01285347	FDR-union (615)	1
CSE1L	0	0	0	0	0	5	0.016102022	1	0.006426735	FDR-union (615)	1
MIDEAS	0	0	0	0	0	5	0.016102022	1	0.006426735	FDR-union (615)	1
H1-2	0	0	0	0	0	5	0.016102022	1	0.006426735	FDR-union (615)	1
H2AC8	0	0	0	0	0	5	0.016102022	1	0.006426735	FDR-union (615)	1
KAT8	0	0	0	0	0	5	0.016102022	1	0.006426735	FDR-union (615)	1
LMNB2	0	0	0	0	0	5	0.016102022	1	0.006426735	FDR-union (615)	1
DDX6	0	0	0	0	0	5	0.016102022	0	0	FDR-union (615)	1
H2AC6	0	0	0	0	0	5	0.016102022	0	0	FDR-union (615)	1
NWD2	0	0	0	0	0	5	0.016102022	0	0	FDR-union (615)	1
OR5B3	0	0	0	0	0	5	0.016102022	0	0	FDR-union (615)	1
PALD1	0	0	0	0	0	5	0.016102022	0	0	FDR-union (615)	1
PCGF2	0	0	0	0	0	5	0.016102022	0	0	FDR-union (615)	1
SLC18A3	0	0	0	0	0	5	0.016102022	0	0	FDR-union (615)	1
SMARCB1	0	0	0	0	0	5	0.016102022	0	0	FDR-union (615)	1
STX1B	0	0	0	0	0	5	0.016102022	0	0	FDR-union (615)	1
OR2T8	0	0	0	0	0	4	0.012881618	7	0.044987147	FDR-union (615)	1
RNF17	0	0	0	0	0	4	0.012881618	5	0.032133676	FDR-union (615)	1
EGLN2	0	0	0	0	0	4	0.012881618	3	0.019280206	FDR-union (615)	1
RBM14	0	0	0	0	0	4	0.012881618	3	0.019280206	FDR-union (615)	1
SULT6B1	0	0	0	0	0	4	0.012881618	3	0.019280206	FDR-union (615)	1
ZFAT	0	0	0	0	0	4	0.012881618	3	0.019280206	FDR-union (615)	1
AMIGO1	0	0	0	0	0	4	0.012881618	2	0.01285347	FDR-union (615)	1
CXXC1	0	0	0	0	0	4	0.012881618	2	0.01285347	FDR-union (615)	1
H1-3	0	0	0	0	0	4	0.012881618	2	0.01285347	FDR-union (615)	1
ITGA6	0	0	0	0	0	4	0.012881618	2	0.01285347	FDR-union (615)	1
NOS1	0	0	0	0	0	4	0.012881618	2	0.01285347	FDR-union (615)	1
PFKM	0	0	0	0	0	4	0.012881618	2	0.01285347	FDR-union (615)	1
PPIP5K2	0	0	0	0	0	4	0.012881618	2	0.01285347	FDR-union (615)	1
RALA	0	0	0	0	0	4	0.012881618	2	0.01285347	FDR-union (615)	1
THUMPD3	0	0	0	0	0	4	0.012881618	2	0.01285347	FDR-union (615)	1
WDFY4	0	0	0	0	0	4	0.012881618	2	0.01285347	FDR-union (615)	1
ACVR2A	0	0	0	0	0	4	0.012881618	1	0.006426735	FDR-union (615)	1
CDC42	0	0	0	0	0	4	0.012881618	1	0.006426735	FDR-union (615)	1
FRMD5	0	0	0	0	0	4	0.012881618	1	0.006426735	FDR-union (615)	1
KCNK9	0	0	0	0	0	4	0.012881618	1	0.006426735	FDR-union (615)	1
KIF5C	0	0	0	0	0	4	0.012881618	1	0.006426735	FDR-union (615)	1
PAPSS2	0	0	0	0	0	4	0.012881618	1	0.006426735	FDR-union (615)	1
POM121L2	0	0	0	0	0	4	0.012881618	1	0.006426735	FDR-union (615)	1
PPP2R2B	0	0	0	0	0	4	0.012881618	1	0.006426735	FDR-union (615)	1
SLC5A12	0	0	0	0	0	4	0.012881618	1	0.006426735	FDR-union (615)	1
CBX5	0	0	0	0	0	4	0.012881618	0	0	FDR-union (615)	1
COL6A1	0	0	0	0	0	4	0.012881618	0	0	FDR-union (615)	1
DDX23	0	0	0	0	0	4	0.012881618	0	0	FDR-union (615)	1
FGF12	0	0	0	0	0	4	0.012881618	0	0	FDR-union (615)	1
FOXRED1	0	0	0	0	0	4	0.012881618	0	0	FDR-union (615)	1
RAB5C	0	0	0	0	0	4	0.012881618	0	0	FDR-union (615)	1
SERPINB11	0	0	0	0	0	4	0.012881618	0	0	FDR-union (615)	1
SRP54	0	0	0	0	0	4	0.012881618	0	0	FDR-union (615)	1
TFAP2A	0	0	0	0	0	4	0.012881618	0	0	FDR-union (615)	1
YES1	0	0	0	0	0	4	0.012881618	0	0	FDR-union (615)	1
ABCA5	0	0	0	0	0	3	0.009661213	5	0.032133676	FDR-union (615)	1
AGO4	0	0	0	0	0	3	0.009661213	5	0.032133676	FDR-union (615)	1
CPZ	0	0	0	0	0	3	0.009661213	5	0.032133676	FDR-union (615)	1
JPH3	0	0	0	0	0	3	0.009661213	5	0.032133676	FDR-union (615)	1
PNLIPRP2	0	0	0	0	0	3	0.009661213	4	0.025706941	FDR-union (615)	1
CPNE1	0	0	0	0	0	3	0.009661213	3	0.019280206	FDR-union (615)	1
INPP5K	0	0	0	0	0	3	0.009661213	3	0.019280206	FDR-union (615)	1
MCM6	0	0	0	0	0	3	0.009661213	3	0.019280206	FDR-union (615)	1
PHC3	0	0	0	0	0	3	0.009661213	3	0.019280206	FDR-union (615)	1
PRKD3	0	0	0	0	0	3	0.009661213	3	0.019280206	FDR-union (615)	1
ZNF215	0	0	0	0	0	3	0.009661213	3	0.019280206	FDR-union (615)	1
ADARB1	0	0	0	0	0	3	0.009661213	2	0.01285347	FDR-union (615)	1
GLRA1	0	0	0	0	0	3	0.009661213	2	0.01285347	FDR-union (615)	1
GRIA1	0	0	0	0	0	3	0.009661213	2	0.01285347	FDR-union (615)	1
HMGXB3	0	0	0	0	0	3	0.009661213	2	0.01285347	FDR-union (615)	1
PRPF18	0	0	0	0	0	3	0.009661213	2	0.01285347	FDR-union (615)	1
RNF20	0	0	0	0	0	3	0.009661213	2	0.01285347	FDR-union (615)	1
ZYG11A	0	0	0	0	0	3	0.009661213	2	0.01285347	FDR-union (615)	1
DCAF10	0	0	0	0	0	3	0.009661213	1	0.006426735	FDR-union (615)	1
ENOX1	0	0	0	0	0	3	0.009661213	1	0.006426735	FDR-union (615)	1
GPR162	0	0	0	0	0	3	0.009661213	1	0.006426735	FDR-union (615)	1
MEF2D	0	0	0	0	0	3	0.009661213	1	0.006426735	FDR-union (615)	1
TFAP2B	0	0	0	0	0	3	0.009661213	1	0.006426735	FDR-union (615)	1
AKT1	0	0	0	0	0	3	0.009661213	0	0	FDR-union (615)	1
ATG5	0	0	0	0	0	3	0.009661213	0	0	FDR-union (615)	1
GMNC	0	0	0	0	0	3	0.009661213	0	0	FDR-union (615)	1
GPR173	0	0	0	0	0	3	0.009661213	0	0	FDR-union (615)	1
HEATR5A	0	0	0	0	0	3	0.009661213	0	0	FDR-union (615)	1
HSD17B10	0	0	0	0	0	3	0.009661213	0	0	FDR-union (615)	1
MMGT1	0	0	0	0	0	3	0.009661213	0	0	FDR-union (615)	1
NFE2L1	0	0	0	0	0	3	0.009661213	0	0	FDR-union (615)	1
PAFAH1B1	0	0	0	0	0	3	0.009661213	0	0	FDR-union (615)	1
PCK2	0	0	0	0	0	3	0.009661213	0	0	FDR-union (615)	1
PLAU	0	0	0	0	0	3	0.009661213	0	0	FDR-union (615)	1
PSMB2	0	0	0	0	0	3	0.009661213	0	0	FDR-union (615)	1
PYDC2	0	0	0	0	0	3	0.009661213	0	0	FDR-union (615)	1
SLC19A3	0	0	0	0	0	3	0.009661213	0	0	FDR-union (615)	1
TMEM106B	0	0	0	0	0	3	0.009661213	0	0	FDR-union (615)	1
ZNF740	0	0	0	0	0	3	0.009661213	0	0	FDR-union (615)	1
PAPOLG	0	0	0	0	0	2	0.006440809	6	0.038560411	FDR-union (615)	1
CPA6	0	0	0	0	0	2	0.006440809	5	0.032133676	FDR-union (615)	1
TTC21A	0	0	0	0	0	2	0.006440809	5	0.032133676	FDR-union (615)	1
CDH24	0	0	0	0	0	2	0.006440809	4	0.025706941	FDR-union (615)	1
FRA10AC1	0	0	0	0	0	2	0.006440809	4	0.025706941	FDR-union (615)	1
GPHN	0	0	0	0	0	2	0.006440809	4	0.025706941	FDR-union (615)	1
AP5M1	0	0	0	0	0	2	0.006440809	3	0.019280206	FDR-union (615)	1
APOBEC2	0	0	0	0	0	2	0.006440809	3	0.019280206	FDR-union (615)	1
ARF3	0	0	0	0	0	2	0.006440809	3	0.019280206	FDR-union (615)	1
C14orf39	0	0	0	0	0	2	0.006440809	3	0.019280206	FDR-union (615)	1
PLAG1	0	0	0	0	0	2	0.006440809	3	0.019280206	FDR-union (615)	1
RTF1	0	0	0	0	0	2	0.006440809	3	0.019280206	FDR-union (615)	1
ANKRD40	0	0	0	0	0	2	0.006440809	2	0.01285347	FDR-union (615)	1
CA10	0	0	0	0	0	2	0.006440809	2	0.01285347	FDR-union (615)	1
GDI1	0	0	0	0	0	2	0.006440809	2	0.01285347	FDR-union (615)	1
MRPS12	0	0	0	0	0	2	0.006440809	2	0.01285347	FDR-union (615)	1
RAC3	0	0	0	0	0	2	0.006440809	2	0.01285347	FDR-union (615)	1
MARCHF4	0	0	0	0	0	2	0.006440809	1	0.006426735	FDR-union (615)	1
FARS2	0	0	0	0	0	2	0.006440809	1	0.006426735	FDR-union (615)	1
FBXL22	0	0	0	0	0	2	0.006440809	1	0.006426735	FDR-union (615)	1
GPR4	0	0	0	0	0	2	0.006440809	1	0.006426735	FDR-union (615)	1
HHATL	0	0	0	0	0	2	0.006440809	1	0.006426735	FDR-union (615)	1
IZUMO1	0	0	0	0	0	2	0.006440809	1	0.006426735	FDR-union (615)	1
LPAR1	0	0	0	0	0	2	0.006440809	1	0.006426735	FDR-union (615)	1
LRRD1	0	0	0	0	0	2	0.006440809	1	0.006426735	FDR-union (615)	1
MAPK1	0	0	0	0	0	2	0.006440809	1	0.006426735	FDR-union (615)	1
NOS3	0	0	0	0	0	2	0.006440809	1	0.006426735	FDR-union (615)	1
PPFIBP2	0	0	0	0	0	2	0.006440809	1	0.006426735	FDR-union (615)	1
STYK1	0	0	0	0	0	2	0.006440809	1	0.006426735	FDR-union (615)	1
NUDCD1	0	0	0	0	0	1	0.003220404	5	0.032133676	FDR-union (615)	1
AKR1C4	0	0	0	0	0	1	0.003220404	4	0.025706941	FDR-union (615)	1
FAM149B1	0	0	0	0	0	1	0.003220404	4	0.025706941	FDR-union (615)	1
SENP2	0	0	0	0	0	1	0.003220404	4	0.025706941	FDR-union (615)	1
ACOXL	0	0	0	0	0	1	0.003220404	3	0.019280206	FDR-union (615)	1
ARHGEF33	0	0	0	0	0	1	0.003220404	3	0.019280206	FDR-union (615)	1
PUM3	0	0	0	0	0	1	0.003220404	3	0.019280206	FDR-union (615)	1
MKX	0	0	0	0	0	1	0.003220404	3	0.019280206	FDR-union (615)	1
NPR3	0	0	0	0	0	1	0.003220404	3	0.019280206	FDR-union (615)	1
PPM1B	0	0	0	0	0	1	0.003220404	3	0.019280206	FDR-union (615)	1
C20orf27	0	0	0	0	0	1	0.003220404	2	0.01285347	FDR-union (615)	1
CGGBP1	0	0	0	0	0	1	0.003220404	2	0.01285347	FDR-union (615)	1
NKIRAS2	0	0	0	0	0	1	0.003220404	2	0.01285347	FDR-union (615)	1
KDM4C	0	0	0	0	0	0	0	6	0.038560411	FDR-union (615)	1
ADAM32	0	0	0	0	0	0	0	5	0.032133676	FDR-union (615)	1
ANKRD27	0	0	0	0	0	0	0	4	0.025706941	FDR-union (615)	1
BTBD16	0	0	0	0	0	0	0	4	0.025706941	FDR-union (615)	1
DCSTAMP	0	0	0	0	0	0	0	4	0.025706941	FDR-union (615)	1
AMTN	0	0	0	0	0	0	0	3	0.019280206	FDR-union (615)	1
C5orf49	0	0	0	0	0	0	0	3	0.019280206	FDR-union (615)	1
LRRC1	0	0	0	0	0	0	0	3	0.019280206	FDR-union (615)	1
CENPU	0	0	0	0	0	0	0	3	0.019280206	FDR-union (615)	1
NEUROG3	0	0	0	0	0	0	0	3	0.019280206	FDR-union (615)	1